y	x
8	473
8	547
8	571
9	896
9	972
9	973
9	974
10	21
11	347
11	453
12	623
12	773
12	882
14	223
14	310
14	333
15	651
17	101
18	386
18	532
18	637
19	816
19	958
21	265
21	406
22	693
22	844
24	150
24	283
24	296
25	574
25	712
25	724
27	20
28	456
28	534
29	884
29	961
31	334
31	559
32	757
32	838
34	207
34	289
34	367
35	633
35	717
37	88
37	168
38	516
38	595
39	942
40	45
41	392
41	547
42	820
42	972
42	973
42	974
42	975
44	271
44	349
44	423
44	469
45	698
45	777
45	855
45	897
47	147
47	223
47	306
48	579
48	652
49	922
50	29
50	102
51	533
52	799
52	883
52	961
54	248
54	333
54	409
55	680
55	762
55	839
57	146
57	285
58	578
58	715
60	26
60	167
60	316
61	456
61	595
61	741
62	880
62	892
63	40
63	195
64	332
64	469
65	757
65	769
66	69
67	208
67	345
67	486
68	636
68	915
70	84
71	519
72	947
74	396
75	614
75	823
76	105
77	273
77	534
78	703
78	837
79	8
80	148
80	435
81	576
81	714
81	903
83	29
83	159
83	354
84	457
84	589
84	782
85	889
86	233
87	258
87	340
87	662
89	108
90	540
91	642
91	968
92	1
92	2
93	416
94	719
94	760
94	846
96	169
96	181
96	210
96	296
97	327
97	395
98	824
99	101
99	122
100	272
100	528
100	561
101	701
101	742
101	957
101	977
103	152
104	577
104	617
104	851
106	63
106	301
107	491
107	588
108	919
109	37
110	329
110	376
110	466
111	898
113	342
114	683
114	769
114	801
116	133
116	231
116	250
117	516
117	559
117	658
118	943
119	9
119	108
120	392
120	535
120	570
121	822
121	869
121	964
122	19
123	319
123	405
123	417
123	447
124	747
124	832
124	845
126	283
126	295
126	458
127	721
127	885
129	127
129	173
129	202
130	554
130	601
130	627
131	975
132	5
132	49
132	81
133	428
133	475
133	507
134	860
134	907
134	934
136	309
136	355
136	384
137	736
137	784
137	808
139	188
139	258
140	615
140	669
140	687
142	66
142	117
142	135
143	549
143	569
143	633
144	923
144	966
144	977
145	3
145	19
145	83
146	415
146	427
146	446
146	509
147	844
147	874
147	938
149	324
149	388
150	755
152	205
153	582
153	630
153	642
155	31
155	79
155	93
156	300
156	460
156	521
157	731
157	812
159	181
159	263
160	608
160	686
162	60
162	138
163	487
164	914
166	363
166	444
166	745
167	791
167	872
168	196
169	241
169	624
170	669
171	75
172	119
172	501
173	547
174	975
175	173
175	380
176	427
176	608
176	808
177	854
177	935
178	53
179	303
179	488
180	730
180	914
182	362
183	790
185	241
186	577
186	670
186	712
186	870
188	27
188	121
188	161
189	455
189	550
189	589
189	748
190	973
191	1
191	41
191	59
191	198
192	424
192	470
192	488
192	627
193	850
193	898
193	916
195	301
195	346
196	727
196	739
196	778
196	791
198	178
198	230
199	616
199	658
201	79
201	109
201	121
202	505
202	536
202	548
203	935
203	964
203	976
203	977
205	282
205	356
205	385
205	409
206	709
206	784
206	811
206	851
208	159
208	250
208	301
209	591
209	677
209	731
211	127
211	181
212	567
214	44
214	57
215	394
215	475
215	493
215	603
216	822
216	922
218	273
218	371
219	776
219	799
219	900
221	134
221	147
221	231
221	250
221	349
222	575
222	659
224	13
224	112
225	473
225	526
225	537
226	861
226	956
228	310
228	406
229	748
229	838
231	193
231	207
231	287
232	625
232	715
234	74
234	161
235	501
235	599
236	931
237	49
238	380
238	473
239	810
239	899
241	259
241	349
242	680
242	783
244	134
244	229
245	562
245	661
247	11
247	107
248	441
248	535
249	868
249	967
251	317
251	415
252	744
252	844
254	195
254	292
255	623
257	73
257	172
258	498
258	595
259	926
260	46
261	378
261	536
262	804
262	964
264	254
264	335
264	417
265	684
265	845
267	136
267	232
267	296
268	566
268	661
270	12
270	170
270	197
271	442
271	598
271	624
273	43
274	470
274	516
275	898
277	332
277	347
277	379
278	775
278	850
280	65
280	225
281	652
281	718
281	757
283	101
283	112
283	168
283	207
284	524
284	589
285	958
286	39
287	409
287	457
288	837
288	886
290	286
290	348
291	716
293	165
293	215
294	596
294	636
296	47
296	83
297	475
298	895
298	946
300	353
300	397
301	777
303	227
303	273
304	649
304	702
306	1
306	2
306	103
306	151
307	532
307	579
308	955
309	25
310	403
310	415
310	454
311	829
311	880
313	286
313	298
313	330
314	556
314	722
314	760
316	172
316	205
317	601
317	634
318	864
319	52
319	81
320	313
320	365
320	483
321	743
321	794
321	911
321	934
323	194
323	244
323	385
324	619
324	669
324	680
324	814
326	70
326	119
326	130
326	268
327	501
327	542
327	694
328	970
328	971
329	8
329	147
330	419
330	574
331	847
332	22
333	299
333	448
334	727
334	877
336	328
337	759
338	977
339	3
339	4
339	178
339	218
340	431
340	605
340	637
341	858
342	55
342	88
343	308
343	488
343	517
344	910
344	943
346	394
347	790
347	830
349	239
349	280
350	575
350	669
350	706
352	29
352	122
352	159
353	457
353	548
353	586
354	885
354	977
356	335
356	419
357	763
357	857
359	214
359	304
360	641
362	91
363	524
364	952
365	28
366	404
366	455
366	574
367	832
367	885
369	111
369	280
369	334
370	539
370	709
370	758
372	62
372	160
372	209
373	416
373	488
373	583
373	634
374	845
375	35
375	86
376	293
376	368
376	463
376	512
377	723
377	794
377	895
377	941
379	172
379	243
379	344
379	392
380	600
380	672
380	772
380	821
382	49
382	270
383	479
383	698
384	908
385	148
386	361
386	577
387	792
389	237
389	259
390	669
392	119
392	426
393	548
393	853
394	976
394	977
395	30
395	294
396	458
396	726
397	877
398	174
399	331
399	600
400	762
401	48
402	212
402	478
403	637
403	906
405	81
405	357
405	369
406	509
406	783
406	797
407	937
408	234
409	387
409	663
410	817
411	111
412	270
412	538
413	696
413	972
415	149
415	420
416	577
416	847
418	27
418	309
419	452
419	736
420	880
421	187
422	329
423	759
424	72
425	209
425	504
426	637
426	921
426	932
428	87
428	369
428	381
429	514
429	808
431	178
431	257
432	607
432	687
434	58
434	136
435	482
435	561
436	912
437	12
437	33
438	361
438	444
438	461
439	788
439	873
439	889
441	237
441	322
442	663
442	750
444	111
444	199
445	539
445	628
446	969
447	79
448	422
448	508
449	701
449	846
449	934
451	151
451	296
451	385
452	583
452	724
452	771
452	804
452	815
454	31
454	169
454	222
454	253
455	459
455	607
455	649
455	689
456	887
457	60
457	100
457	139
458	336
458	488
458	525
458	568
459	913
459	953
460	19
461	363
461	403
461	448
462	793
462	832
462	877
464	234
464	312
465	662
465	718
465	750
467	112
467	166
468	545
468	596
469	973
469	974
471	419
472	849
474	194
474	287
474	299
474	346
475	623
475	716
475	729
477	72
477	179
478	500
478	608
478	654
479	924
480	60
480	103
481	374
481	474
481	489
482	805
482	902
482	972
484	255
484	359
484	426
485	591
485	687
485	782
485	853
487	137
487	303
488	463
488	563
488	673
488	726
489	892
490	13
490	78
490	123
490	178
491	340
491	443
491	506
491	549
491	610
492	872
492	977
493	61
494	322
494	488
495	749
495	859
495	917
497	261
497	368
498	583
498	776
498	796
500	33
500	201
500	225
500	248
501	455
501	631
501	652
501	671
502	830
502	890
503	75
503	126
504	281
504	331
504	444
504	502
504	549
505	711
505	930
505	977
506	1
507	380
507	427
508	815
508	855
510	268
510	295
510	308
511	695
511	729
512	901
513	146
513	173
513	185
514	350
514	575
514	601
515	780
516	26
516	48
517	234
517	455
517	476
518	657
518	884
518	924
519	859
520	111
520	333
520	373
521	762
523	213
524	190
524	414
524	536
524	643
525	618
525	842
525	964
526	89
527	290
527	518
528	714
528	943
530	166
530	392
531	377
531	592
531	819
533	43
533	270
534	475
534	697
535	903
536	147
537	353
537	413
537	576
538	784
538	841
539	25
540	233
540	291
540	308
540	452
541	661
541	681
541	722
541	881
543	110
543	131
543	183
543	330
544	537
544	555
544	612
545	968
546	8
546	57
546	208
547	415
547	436
547	485
547	636
548	845
548	864
548	918
550	295
550	318
550	363
550	516
551	746
551	799
551	944
553	191
553	248
554	619
554	677
554	822
